中正平均風速 中正瞬間風速 大安平均風速 大安瞬間風速 能不能打羽球
5.3 6.4 5.4 9.1 false
1.6 1.9 1.1 2.0 true
5.7 7.6 3.3 4.8 false
3.1 4.2 2.8 3.0 true
1.7 2.9 0.4 1.0 true
1.8 7.1 4.8 5.5 false
3.2 8.0 4.1 8.8 false
2.2 2.3 3.2 4.0 true
5.6 6.6 1.1 1.8 false
5.4 11.8 1.3 6.2 false
2.5 3.1 1.2 1.2 true
4.3 5.0 1.9 4.7 false
2.0 2.8 0.1 0.3 true
3.5 3.5 1.4 1.8 true
3.8 4.3 2.3 5.4 false
2.3 2.6 2.3 3.2 true
2.2 3.9 4.3 4.5 false
5.9 6.4 5.6 9.0 false
5.5 6.5 2.5 5.8 false
3.6 4.9 2.6 3.2 true
5.2 8.4 1.8 4.8 false
3.5 4.1 2.3 3.0 true
4.7 4.9 5.3 8.7 false
2.6 3.9 0.9 1.2 true
2.4 2.9 3.3 4.0 true
5.5 6.0 5.4 9.1 false
2.7 3.3 1.3 1.4 true
2.3 4.5 4.3 5.6 false
2.1 3.5 2.1 2.7 true
2.1 4.9 4.1 5.2 false
4.8 5.4 2.7 4.2 false
3.2 3.8 3.4 6.8 false
3.3 7.9 2.0 2.2 true
5.1 6.8 4.5 8.0 false
2.6 3.6 0.9 1.0 true
2.3 3.7 0.0 0.2 true
3.6 4.9 0.6 0.8 true
2.4 2.8 3.9 4.0 true
5.4 6.5 1.6 3.3 false
2.1 3.3 4.6 4.8 false
3.1 4.1 5.1 5.8 false
2.4 4.4 0.1 2.0 true
3.4 4.0 2.4 2.6 true
1.9 2.6 1.2 1.7 true
3.3 4.0 3.4 7.3 false
4.5 6.1 1.8 1.9 false
3.5 9.3 1.0 5.2 false
5.3 6.5 3.2 5.1 false
3.2 3.4 3.9 7.4 false
2.4 3.7 6.0 7.8 false
2.6 2.8 1.7 2.3 true
4.6 5.9 2.0 5.3 false
3.6 4.9 3.8 3.9 true
3.1 4.0 3.5 3.8 true
5.2 5.7 1.9 4.6 false
3.1 4.1 2.8 3.8 true
3.0 3.1 2.7 3.7 true
3.5 4.3 3.5 7.8 false
3.4 3.5 3.1 3.3 true
1.9 3.1 3.7 3.9 true
3.8 3.9 4.8 6.8 false
5.2 6.5 1.4 1.9 false
3.5 7.6 4.2 4.3 false
2.7 3.6 0.4 1.0 true
3.1 5.1 4.6 5.8 false
2.1 2.7 0.2 0.6 true
4.7 6.4 4.0 7.7 false
5.9 11.6 0.9 5.8 false
3.9 4.4 3.3 6.2 false
5.6 5.9 5.0 5.8 false
5.7 6.0 2.2 3.2 false
2.6 2.8 0.1 0.6 true
5.1 6.8 3.1 6.3 false
5.7 7.2 1.1 3.2 false
2.7 3.2 4.3 4.4 false
3.4 4.7 5.0 5.7 false
1.6 2.9 3.7 4.4 true
3.2 3.8 4.8 6.8 false
2.6 3.6 3.8 4.3 true
3.3 7.7 4.1 4.4 false
5.8 5.9 2.1 4.6 false
3.1 4.2 4.4 4.6 false
4.3 4.8 1.2 4.3 false
2.1 2.7 1.0 1.9 true
3.2 7.4 4.0 5.2 false
5.0 5.6 3.2 5.2 false
2.7 3.2 1.1 2.1 true
2.9 3.7 5.3 5.5 false
1.7 2.0 2.4 3.3 true
4.6 5.4 4.4 5.7 false
2.6 6.7 4.7 7.8 false
5.7 6.6 1.7 2.9 false
4.4 12.2 1.3 6.8 false
1.9 2.7 1.5 2.5 true
2.5 3.4 3.4 4.3 true
3.5 4.1 1.3 1.5 true
5.5 6.6 5.3 6.7 false
1.7 2.6 1.1 1.6 true
2.3 4.5 4.3 4.5 false
5.4 5.6 3.8 4.7 false
2.6 3.9 0.8 1.6 true
2.5 3.7 4.1 4.6 false
2.5 4.0 2.3 3.0 true
2.4 3.4 1.6 1.7 true
3.5 4.7 1.5 2.0 true
2.2 3.6 1.2 1.9 true
6.3 8.3 2.3 4.6 false
2.9 4.2 1.1 1.7 true
3.1 3.9 4.7 6.7 false
5.6 7.3 1.6 3.8 false
3.7 9.1 2.8 3.1 false
2.0 2.2 1.8 2.2 true
3.5 3.7 5.5 5.8 false
2.9 4.2 3.3 3.5 true
2.9 4.8 4.4 4.8 false
3.8 5.3 2.3 5.7 false
5.5 7.1 4.4 8.0 false
1.5 2.5 0.2 1.0 true
2.4 4.3 4.3 7.6 false
2.3 4.3 0.3 2.6 true
